2797800564
1654645522
1072064691
1128274794
1131761808
1050693953
948601694
459236036
255105930
758910100
326563265
519896648
429434163
431705346
364571656
370755699
353284621
246985576
385900138
122752517
191306508
140040941
195179299
179111180
404852543
110883070
253890701
228552591
150686650
74747725
133365452
95677760
252442974
131417147
116552537
155712077
161315435
122133739
57469467
72216294
126566773
48791187
388464408
91526100
60582764
119559110
86940113
76087556
145026114
50444358
48800575
165637189
90510445
36599361
95017038
89542717
35656504
76419755
114102821
53397076
44902237
56828752
64503067
41123770
33766787
39058886
24624917
71746590
32390945
38908963
44664690
21360215
26120538
32450241
20521134
19320481
19601463
32893421
32140970
26249469
22367121
15383580
21150265
16412504
15880032
69497587
17928765
18640313
10209813
20296746
9963194
12119295
30918726
7699452
6424420
7253825
102949900
7781418
9732621
7776413