356000000
260000000
200000000
175000000
160000000
183000000
55000000
79000000
20000000
200000000
75000000
129000000
80000000
150000000
100000000
90000000
170000000
20000000
170000000
37500000
99000000
20000000
40000000
20000000
170000000
20000000
110000000
27000000
26000000
20000000
40000000
25000000
200000000
40000000
49000000
9000000
75000000
9000000
21000000
20000000
87500000
31000000
185000000
7000000
5000000
100000000
50000000
18000000
65000000
14000000
20000000
138000000
13500000
8000000
21000000
42000000
5000000
60000000
8500000
40000000
10000000
6000000
9000000
10000000
20000000
11000000
6000000
16000000
16000000
5300000
50000000
30000000
2777000
45000000
6200000
6000000
3000000
6000000
59000000
100000000
4000000
15000000
6000000
10000000
38000000
14000000
15000000
4000000
10000000
17300000
20000000
39000000
30000000
8000000
1500000a
11000000
4000000
45000000
45000000
20000000